0.016749666806247225 239.2297279777817
1.0167496751395806 241.4563621352959
2.0167496834729137 234.7623207870858
3.0167496918062473 238.83383584897882
4.016749700139581 237.57734718923163
5.016749708472914 236.70337001064362
6.016749716806248 240.60048627692026
7.01674972513958 237.03815481481288
8.016749733472915 235.7805271297149
9.016749741806247 237.24807536312665
10.01674975013958 268.3491971766598
11.016749758472914 327.8930070805385
12.016749766806248 359.8028445175347
13.01674977513958 388.9070263173312
14.016749783472914 406.23968595660926
15.016749791806246 419.0568748666086
16.016749800139582 409.09375314495355
17.016749808472916 391.2487289273821
18.016749816806247 386.7015322654405
19.01674982513958 376.67240963846893
20.016749833472918 377.7673691306967
21.016749841806245 345.0252287900747
22.016749850139583 326.6649010644114
23.016749858472917 330.0797639498389
24.016749866806247 312.70396121804873
25.01674987513958 298.65876553073696
26.016749883472915 296.35630623944905
27.016749891806246 290.137246062598
28.016749900139583 279.6718834581323
29.016749908472914 275.63454852323156
30.016749916806248 273.66288611927223
31.01674992513958 272.2717423226507
32.016749933472916 271.342490661681
33.016749941806246 265.654917505656
34.016749950139584 267.7972280753575
35.016749958472914 263.98291280921404
36.01674996680625 264.9947040191961
37.016749975139575 264.36774419127573
38.01674998347291 265.04849854744685
39.01674999180625 257.21916378508405
