0.016749666806247225 239.71099501807606
1.0167496751395806 238.87804017748806
2.0167496834729137 239.3630464986414
3.0167496918062473 238.24998058527666
4.016749700139581 244.89922897054228
5.016749708472914 237.97508094340816
6.016749716806248 235.54311740306557
7.01674972513958 239.7122336080688
8.016749733472915 241.38386443756153
9.016749741806247 239.63724029959226
10.01674975013958 238.12919646757217
11.016749758472914 238.74455272420425
12.016749766806248 239.88969769871468
13.01674977513958 239.7248751182179
14.016749783472914 240.7074113577987
15.016749791806246 237.9169796761182
16.016749800139582 239.32521322788074
17.016749808472916 238.66755792394554
18.016749816806247 237.30475790098527
19.01674982513958 242.22418845421035
20.016749833472918 239.23826094293455
21.016749841806245 240.81017954073485
22.016749850139583 242.07825315952553
23.016749858472917 240.36345666256298
24.016749866806247 240.97958593033266
25.01674987513958 243.47142047448665
26.016749883472915 241.59471030857594
27.016749891806246 236.61943104198582
28.016749900139583 241.21523337708877
29.016749908472914 234.28180334283022
30.016749916806248 240.30638015289122
31.01674992513958 241.98097380518877
32.016749933472916 237.5733968892797
33.016749941806246 239.05781208179764
34.016749950139584 240.4566046024381
35.016749958472914 237.98691856798774
36.01674996680625 240.475824925197
37.016749975139575 236.7891491984882
38.01674998347291 236.88533904972985
39.01674999180625 236.55138596022917
