0.016749666806247225 242.9946888732369
1.0167496751395806 238.1815692731745
2.0167496834729137 237.91487931051282
3.0167496918062473 235.15588177855955
4.016749700139581 239.75604056148933
5.016749708472914 238.6673431575379
6.016749716806248 242.04672201776762
7.01674972513958 241.34593750271685
8.016749733472915 237.01990976646317
9.016749741806247 232.15326351465507
10.01674975013958 285.6935062385647
11.016749758472914 321.4579289716354
12.016749766806248 359.1181116511784
13.01674977513958 381.6289758184991
14.016749783472914 400.02507828383074
15.016749791806246 413.2714696175671
16.016749800139582 424.9181483839181
17.016749808472916 439.121494893166
18.016749816806247 435.1683924530651
19.01674982513958 445.59586808188214
20.016749833472918 439.92639363338657
21.016749841806245 443.5677908632968
22.016749850139583 435.6451972424233
23.016749858472917 442.88170012733286
24.016749866806247 447.75133758913137
25.01674987513958 434.1606801586145
26.016749883472915 430.73356183936767
27.016749891806246 438.41734397711446
28.016749900139583 433.96876942444146
29.016749908472914 447.5672719833597
30.016749916806248 432.14067017400293
31.01674992513958 429.4903281117546
32.016749933472916 442.1544296788181
33.016749941806246 428.64167912864156
34.016749950139584 442.23065318458146
35.016749958472914 430.5574237737074
36.01674996680625 447.7302814218027
37.016749975139575 425.43594122245935
38.01674998347291 432.950010410475
39.01674999180625 442.7519593171027
