0.016749666806247225 242.31923545322962
1.0167496751395806 239.47274703536996
2.0167496834729137 238.3145642182405
3.0167496918062473 241.28872867061574
4.016749700139581 236.21764710362802
5.016749708472914 240.90935362732915
6.016749716806248 240.6912387153243
7.01674972513958 239.26592042792248
8.016749733472915 236.3337363442929
9.016749741806247 238.8443605091453
10.01674975013958 266.3920561616826
11.016749758472914 321.0195700273192
12.016749766806248 350.6239069535075
13.01674977513958 387.50644855634187
14.016749783472914 400.65962949162
15.016749791806246 419.97204473758336
16.016749800139582 421.38107993290043
17.016749808472916 446.0284414724259
18.016749816806247 449.78700330080414
19.01674982513958 437.24767887461144
20.016749833472918 445.70683734880765
21.016749841806245 437.7809995683476
22.016749850139583 451.2713808737609
23.016749858472917 437.02344407778753
24.016749866806247 433.7756321046803
25.01674987513958 441.02464128408144
26.016749883472915 432.19999208473894
27.016749891806246 437.80577909542376
28.016749900139583 446.3794040448443
29.016749908472914 430.08191752421794
30.016749916806248 429.4054689657582
31.01674992513958 437.40165779865794
32.016749933472916 432.5008346675052
33.016749941806246 428.2797458920419
34.016749950139584 417.99414437011797
35.016749958472914 431.69478710588743
36.01674996680625 430.3150423369524
37.016749975139575 423.0795279817111
38.01674998347291 430.53256053493453
39.01674999180625 432.7322036431127
