0.016749666806247225 239.5560975334685
1.0167496751395806 242.24134576249975
2.0167496834729137 239.15261566391746
3.0167496918062473 239.22664441904806
4.016749700139581 238.97354926106206
5.016749708472914 240.2008099534337
6.016749716806248 238.9334812972391
7.01674972513958 240.2200609969355
8.016749733472915 238.29468348633978
9.016749741806247 239.6454247436443
10.01674975013958 238.08839263163068
11.016749758472914 237.27260478557497
12.016749766806248 241.18363033387087
13.01674977513958 236.30881853618732
14.016749783472914 240.65560109072743
15.016749791806246 241.2775202917884
16.016749800139582 238.42791918364637
17.016749808472916 239.509798846271
18.016749816806247 238.17934885527606
19.01674982513958 236.4262520921396
20.016749833472918 239.67484296725726
21.016749841806245 238.824847833693
22.016749850139583 242.65468795483935
23.016749858472917 234.95085009840625
24.016749866806247 237.12679987171921
25.01674987513958 237.6192624443589
26.016749883472915 238.0256135020694
27.016749891806246 240.0078664415794
28.016749900139583 241.44532044963933
29.016749908472914 235.77768891857335
30.016749916806248 241.66347452428025
31.01674992513958 240.3519732421256
32.016749933472916 236.55347560574444
33.016749941806246 242.59038970783612
34.016749950139584 241.44534063401363
35.016749958472914 242.5163850353527
36.01674996680625 243.30133466948448
37.016749975139575 241.26291366779583
38.01674998347291 239.44270794282582
39.01674999180625 241.65707040845615
