0.016749666806247225 239.99928520486253
1.0167496751395806 239.55722221913013
2.0167496834729137 234.76024129988085
3.0167496918062473 237.56715288899218
4.016749700139581 238.76460498513978
5.016749708472914 242.21361477098964
6.016749716806248 235.88416286968675
7.01674972513958 237.97722201917944
8.016749733472915 235.12465380661016
9.016749741806247 236.45313578803504
10.01674975013958 284.1662007330434
11.016749758472914 317.6197572752059
12.016749766806248 359.07723036672854
13.01674977513958 383.8403088011433
14.016749783472914 407.2719793003232
15.016749791806246 415.4179218472225
16.016749800139582 415.73057103189166
17.016749808472916 406.0470987542377
18.016749816806247 391.2662764189338
19.01674982513958 382.8877995442518
20.016749833472918 380.6171757669437
21.016749841806245 382.83003387890824
22.016749850139583 386.40151407942847
23.016749858472917 365.710611168912
24.016749866806247 359.99799812958264
25.01674987513958 348.130975160273
26.016749883472915 334.3391112056855
27.016749891806246 341.9579933210826
28.016749900139583 331.40651879172225
29.016749908472914 334.9700606325875
30.016749916806248 315.7218567148129
31.01674992513958 300.92607295011715
32.016749933472916 303.02108077988913
33.016749941806246 300.54656807376205
34.016749950139584 290.1588521141327
35.016749958472914 290.6227687321416
36.01674996680625 288.1155415815279
37.016749975139575 281.94616730726426
38.01674998347291 277.7920189096084
39.01674999180625 275.50691682956824
