0.015249666793747223 239.5546873826162
1.0152496751270808 239.55485905851305
2.015249683460414 239.55485905851305
3.0152496917937475 239.55485905851305
4.015249700127081 239.55485905851305
5.015249708460415 239.55485905851305
6.015249716793748 239.55485905851305
7.01524972512708 239.55485905851305
8.015249733460415 239.55485905851305
9.015249741793749 236.54521497000667
10.015249750127081 281.53278099176543
11.015249758460413 326.37372323247
12.015249766793747 361.26660311063563
13.015249775127081 386.0862168185332
14.015249783460414 403.44120051821056
15.015249791793748 415.62347126962646
16.01524980012708 424.2457736342043
17.015249808460414 443.2802755368151
18.015249816793748 442.4011305989873
19.01524982512708 441.5841314780741
20.015249833460416 440.8222244129273
21.01524984179375 440.109345473503
22.01524985012708 439.4402544461355
23.015249858460415 438.8104005713419
24.01524986679375 438.2158133143912
25.015249875127083 437.6530129473293
26.015249883460413 437.11893691597396
27.015249891793747 436.61087886442783
28.01524990012708 436.12643787000627
29.015249908460415 435.66347596307384
30.015249916793746 435.2200824056013
31.015249925127083 434.7945435123133
32.01524993346041 434.38531703949315
33.01524994179375 433.9910103556655
34.015249950127085 433.61036175753634
35.015249958460416 433.2422244124032
36.015249966793746 432.8855525028261
37.015249975127084 432.53938922441307
38.01524998346042 432.2028563483806
39.015249991793745 431.87514510978997
