0.015249666793747223 243.0355519045533
1.0152496751270808 237.07768363107436
2.015249683460414 242.6124052697451
3.0152496917937475 247.52289582219387
4.015249700127081 242.0626994252257
5.015249708460415 241.41423898605723
6.015249716793748 238.45650821908205
7.01524972512708 237.25095591838766
8.015249733460415 241.4446866780292
9.015249741793749 235.35629585279634
10.015249750127081 281.40713152370023
11.015249758460413 325.3077886772887
12.015249766793747 358.4201838521185
13.015249775127081 374.994609132645
14.015249783460414 399.92887076881686
15.015249791793748 415.71345527727186
16.01524980012708 427.35277248079336
17.015249808460414 447.11895820438076
18.015249816793748 432.86709345238455
19.01524982512708 449.7464992675314
20.015249833460416 442.3269692889911
21.01524984179375 443.7456512510706
22.01524985012708 441.1035327827443
23.015249858460415 432.5330576896327
24.01524986679375 450.13904462795966
25.015249875127083 435.42697160539706
26.015249883460413 434.432357965052
27.015249891793747 448.2523282577977
28.01524990012708 443.82850568476954
29.015249908460415 438.61935223121986
30.015249916793746 429.51503881124984
31.015249925127083 434.5130263368817
32.01524993346041 428.23957471809786
33.01524994179375 421.501422128408
34.015249950127085 435.7532282327892
35.015249958460416 428.7192076240501
36.015249966793746 438.45376479413767
37.015249975127084 435.3319241308218
38.01524998346042 442.2866828907461
39.015249991793745 429.7072105268382
