0.015249666793747223 239.9662297283582
1.0152496751270808 241.24042770308154
2.015249683460414 233.3325969637035
3.0152496917937475 239.81034758622746
4.015249700127081 240.8810696202528
5.015249708460415 237.8428060233338
6.015249716793748 238.55627061152975
7.01524972512708 242.14597199044724
8.015249733460415 238.98194789630543
9.015249741793749 236.88382644386414
10.015249750127081 278.5360724756459
11.015249758460413 322.9513950848806
12.015249766793747 363.0620611501698
13.015249775127081 381.7636709092563
14.015249783460414 393.389019050392
15.015249791793748 423.1837189525562
16.01524980012708 427.09714393683305
17.015249808460414 434.8026938235436
18.015249816793748 443.77196076375384
19.01524982512708 435.3433110083697
20.015249833460416 440.3636012025639
21.01524984179375 450.2897821004005
22.01524985012708 441.29924023849225
23.015249858460415 441.0820364571446
24.01524986679375 451.90911553489764
25.015249875127083 453.8676166929637
26.015249883460413 451.2095462584331
27.015249891793747 441.26738158451434
28.01524990012708 436.66327753885474
29.015249908460415 437.97126050228957
30.015249916793746 435.49994032946586
31.015249925127083 441.6661185141211
32.01524993346041 426.00383480213844
33.01524994179375 441.71731858956
34.015249950127085 436.71908092760657
35.015249958460416 417.22794788197234
36.015249966793746 431.4180826504602
37.015249975127084 433.82783835998896
38.01524998346042 440.6238804111556
39.015249991793745 434.3806511216906
